[LEFT_CAM_2K]
cx=1130.75
cy=631.842
fx=1076.46
fy=1077.62
k1=-0.09337446331633653
k2=0.10952189003506389
k3=-0.054465896062541354
p1=0.00016346611061742114
p2=0.0002649502857814622

[LEFT_CAM_FHD]
cx=986.745
cy=550.842
fx=1076.46
fy=1077.62
k1=-0.09337446331633653
k2=0.10952189003506389
k3=-0.054465896062541354
p1=0.00016346611061742114
p2=0.0002649502857814622

[LEFT_CAM_HD]
cx=651.873
cy=363.921
fx=538.231
fy=538.808
k1=-0.09337446331633653
k2=0.10952189003506389
k3=-0.054465896062541354
p1=0.00016346611061742114
p2=0.0002649502857814622

[LEFT_CAM_VGA]
cx=341.436
cy=189.46
fx=269.115
fy=269.404
k1=-0.09337446331633653
k2=0.10952189003506389
k3=-0.054465896062541354
p1=0.00016346611061742114
p2=0.0002649502857814622

[LEFT_DISTO]
k1=-1.2833401747863455
k2=3.4153336039111664
k3=-0.17228964377916792
k4=-1.1930293300257624
k5=3.278503868349591
k6=-0.0026164179360655473
p1=0.00010067049853830174
p2=0.0004994061832798288

[MISC]
Sensor_ID=0

[RIGHT_CAM_2K]
cx=1124.9
cy=618.51
fx=1077.06
fy=1078.08
k1=-0.08513385612075935
k2=0.09023085397941161
k3=-0.04216187797123479
p1=0.0008308729266321582
p2=-5.285254833062936e-05

[RIGHT_CAM_FHD]
cx=980.903
cy=537.51
fx=1077.06
fy=1078.08
k1=-0.08513385612075935
k2=0.09023085397941161
k3=-0.04216187797123479
p1=0.0008308729266321582
p2=-5.285254833062936e-05

[RIGHT_CAM_HD]
cx=648.951
cy=357.255
fx=538.53
fy=539.039
k1=-0.08513385612075935
k2=0.09023085397941161
k3=-0.04216187797123479
p1=0.0008308729266321582
p2=-5.285254833062936e-05

[RIGHT_CAM_VGA]
cx=339.976
cy=186.127
fx=269.265
fy=269.52
k1=-0.08513385612075935
k2=0.09023085397941161
k3=-0.04216187797123479
p1=0.0008308729266321582
p2=-5.285254833062936e-05

[RIGHT_DISTO]
k1=-1.0378330562172269
k2=1.8587262737491037
k3=0.25746881847127334
k4=-0.9441968160627772
k5=1.7044054565223323
k6=0.4048760752496202
p1=0.0008260192391080193
p2=-0.00022276041831335213

[STEREO]
Baseline=119.647
CV_2K=0.00606541
CV_FHD=0.00606541
CV_HD=0.00606541
CV_VGA=0.00606541
RX_2K=0.00169867
RX_FHD=0.00169867
RX_HD=0.00169867
RX_VGA=0.00169867
RZ_2K=0.00118305
RZ_FHD=0.00118305
RZ_HD=0.00118305
RZ_VGA=0.00118305
TY=-0.311882
TZ=0.533967
